%% MATPOWER Case Format : Version 2
function mpc = emg_base
mpc.version = '2';

%%-----  Power Flow Data  -----%%
%% system MVA base
mpc.baseMVA = 100.0;
%% bus data
%    bus_i    type    Pd    Qd    Gs    Bs    area    Vm    Va    baseKV    zone    Vmax    Vmin
mpc.bus = [
	245	3	0.0	0.0	0.0	0.0	11	1.0	0.0	138.0	1	1.05	0.95				
	1704	3	0.0	0.0	0.0	0.0	13	1.001	0.115	69.0	1	1.05	0.95				
	1707	1	0.0	0.0	0.0	0.0	2	0.997	-0.12	69.0	1	1.05	0.95				
	1708	1	1.7920000000000003	0.7667	0.0	0.0	35	1.0	-3.1	11.4	1	1.03	1.026				
	3110	2	0.0	0.0	0.0	0.0	3	0.95	2.2	6.6	1	1.05	0.9				
	3115	1	0.0	0.0	0.0	0.0	3	0.897	-2.1	6.6	1	1.05	0.9				
	3120	2	0.0	0.0	0.0	0.0	10	0.95	-0.6	6.6	1	1.05	0.9				
	3124	2	16.83	1.6200000000000003	0.0	0.0	3	1.0	-13.0	11.4	1	1.03	1.026				
	3138	1	0.0	0.0	0.0	0.0	2	0.897	-6.2	69.0	1	1.05	0.95				
	3139	1	6.868	1.986	0.0	0.0	3	1.0	-11.0	11.4	1	1.03	1.026				
	3140	2	0.0	0.0	0.0	0.0	10	1.01	-3.6	2.2	1	1.05	0.9				
	3141	2	0.0	0.0	0.0	0.0	10	0.894	-0.62	6.6	1	1.05	0.9				
	3142	2	0.0	0.0	0.0	0.0	10	1.05	-4.3	6.9	1	1.05	0.9				
	3143	1	2.602	1.123	0.0	0.0	3	1.0	-7.9	11.4	1	1.05	0.9				
	3145	1	0.0	0.0	0.0	0.0	10	0.913	-5.8	2.2	1	1.05	0.9				
	3146	2	0.0	0.0	0.0	0.0	14	1.0	-2.2	3.3	1	1.05	0.9				
	3147	1	0.0	0.0	0.0	0.0	2	0.959	-7.0	69.0	1	1.05	0.95				
	3148	2	0.0	0.0	0.0	0.0	14	1.0	-2.1	3.3	1	1.05	0.9				
	3151	2	0.0	0.0	0.0	0.0	14	1.0	-1.1	6.9	1	1.05	0.9				
	3152	1	0.0	0.0	0.0	0.0	1	0.986	-2.9	138.0	1	1.05	0.95				
	3164	1	0.0	0.0	0.0	0.0	2	0.848	-7.2	69.0	1	1.05	0.95				
	3165	1	0.0	0.0	0.0	0.0	3	0.819	-7.9	2.2	1	1.05	0.9				
	3166	2	0.0	0.0	0.0	0.0	3	1.04	-7.9	6.9	1	1.05	0.9				
	3167	1	0.0	0.0	0.0	0.0	3	0.905	-7.9	0.4	1	1.05	0.9				
	3186	2	0.0	0.0	0.0	0.0	14	1.02	13.0	6.9	1	1.05	0.9				
	3187	2	0.0	0.0	0.0	0.0	10	1.02	-4.3	6.9	1	1.05	0.9				
	3188	2	0.0	0.0	0.0	0.0	14	1.05	-0.69	6.9	1	1.05	0.9				
	3189	2	0.0	0.0	0.0	0.0	14	1.0	-1.2	6.9	1	1.05	0.9				
	3190	2	0.0	0.0	0.0	0.0	14	1.0	-2.0	13.8	1	1.05	0.9				
	3191	2	0.0	0.0	0.0	0.0	14	1.0	-1.4	6.9	1	1.05	0.9				
	3201	1	10.87	3.47	0.0	0.0	3	1.0	-13.0	11.4	1	1.001	0.99				
	3210	1	12.45	1.474	0.0	0.0	3	1.0	-9.200000000000001	11.4	1	1.03	1.026				
	3240	2	3.6379999999999995	1.213	0.0	0.0	3	1.0	-2.1	24.0	1	0.96	0.94				
	3251	1	4.756	1.599	0.0	0.0	22	1.0	-8.7	22.0	1	1.05	0.9				
	3252	1	0.0	0.0	0.0	0.0	2	0.984	-6.3	69.0	1	1.05	0.9				
	3262	1	0.0	0.0	0.0	0.0	2	0.98	-6.4	69.0	1	1.05	0.95				
	3263	1	4.024	1.976	0.0	0.0	3	1.0	-11.0	11.4	1	1.03	1.026				
	3270	1	12.960000000000003	0.7213	0.0	0.0	22	1.0	-5.4	22.0	1	1.028	1.026				
	3290	1	6.387	0.439	0.0	0.0	22	1.0	-7.6	22.0	1	1.028	1.026				
	3300	1	0.0	0.0	0.0	0.0	11	1.0	0.0	138.0	1	1.05	0.95				
	3301	1	0.0	0.0	0.0	0.0	1	0.979	-2.4	138.0	1	1.05	0.95				
	3302	1	0.0	0.0	0.0	0.0	19	0.996	-5.1	69.0	1	1.05	0.95				
	3303	1	0.0	0.0	0.0	0.0	1	0.977	-2.9	138.0	1	1.05	0.95				
	3304	1	0.0	0.0	0.0	0.0	19	0.947	-4.4	69.0	1	1.05	0.95				
	3305	1	0.0	0.0	0.0	0.0	1	0.975	-3.0000000000000004	138.0	1	1.05	0.95				
	3306	1	2.215	3.4230000000000005	0.0	0.0	19	1.014	-5.2	69.0	1	1.05	0.95				
	3307	1	0.0	0.0	0.0	0.0	1	0.967	-4.1	138.0	1	1.05	0.95				
	3308	1	0.0	0.0	0.0	0.0	19	1.014	-6.2	69.0	1	1.05	0.95				
	3309	1	0.0	0.0	0.0	0.0	2	0.99	-6.9	69.0	1	1.05	0.95				
	3310	1	0.0	0.0	0.0	0.0	1	0.97	-4.0	138.0	1	1.05	0.95				
	3311	1	0.0	0.0	0.0	0.0	19	1.0	-5.4	69.0	1	1.05	0.95				
	3312	1	0.0	0.0	0.0	0.0	2	1.0	-5.7	69.0	1	1.05	0.95				
	3313	1	0.0	0.0	0.0	0.0	1	0.967	-2.9	138.0	1	1.05	0.95				
	3314	1	0.0	0.0	0.0	0.0	19	0.977	-6.000000000000001	69.0	1	1.05	0.95				
	3315	1	0.0	0.0	0.0	0.0	2	0.976	-6.1	69.0	1	1.05	0.95				
	3316	1	0.0	0.0	0.0	0.0	2	0.962	-5.4	69.0	1	1.05	0.95				
	3317	1	0.0	0.0	0.0	0.0	1	0.97	-4.2	138.0	1	1.05	0.95				
	3318	1	3.46	0.0	0.0	0.0	7	1.008	-5.5	69.0	1	1.05	0.95				
	3319	1	0.0	0.0	0.0	0.0	19	0.952	-4.5	69.0	1	1.05	0.95				
	3320	1	0.0	0.0	0.0	0.0	2	0.89	6.08	69.0	1	1.05	0.95				
	3321	1	0.0	0.0	0.0	0.0	1	1.024	11.300000000000002	138.0	1	1.05	0.95				
	3322	1	0.0	0.0	0.0	0.0	19	1.0	7.640000000000001	69.0	1	1.05	0.95				
	3323	1	0.0	0.0	0.0	0.0	1	1.025	11.4	138.0	1	1.05	0.95				
	3324	1	0.0	0.0	0.0	0.0	2	0.991	-1.9	69.0	1	1.05	0.95				
	3325	1	0.0	0.0	0.0	0.0	2	0.99	-6.3	69.0	1	1.05	0.95				
	3326	1	0.0	0.0	0.0	0.0	2	0.958	-7.400000000000001	69.0	1	1.05	0.95				
	3327	1	0.0	0.0	0.0	0.0	2	1.018	-6.000000000000001	69.0	1	1.05	0.95				
	3328	1	0.0	0.0	0.0	0.0	2	0.963	-6.8	69.0	1	1.05	0.95				
	3329	1	0.0	0.0	0.0	0.0	1	0.983	2.6	138.0	1	1.05	0.95				
	3330	1	0.0	0.0	0.0	0.0	1	0.979	-4.3	138.0	1	1.05	0.95				
	3331	1	0.0	0.0	0.0	0.0	2	0.901	-6.5	69.0	1	1.05	0.95				
	3332	1	0.0	0.0	0.0	0.0	1	0.972	-4.4	138.0	1	1.05	0.95				
	3333	1	0.0	0.0	0.0	0.0	1	0.983	-3.1	138.0	1	1.05	0.95				
	3334	1	0.0	0.0	0.0	0.0	2	0.912	-5.7	69.0	1	1.05	0.95				
	3335	1	0.0	0.0	0.0	0.0	2	0.903	-6.000000000000001	69.0	1	1.05	0.95				
	3336	1	0.0	0.0	0.0	0.0	2	0.997	-5.8	69.0	1	1.05	0.95				
	3337	1	0.0	0.0	0.0	0.0	1	0.976	-3.3	138.0	1	1.05	0.95				
	3338	1	0.0	0.0	0.0	0.0	21	1.027	11.4	138.0	1	1.05	0.95				
	3339	1	0.0	0.0	0.0	0.0	1	0.985	-3.0000000000000004	138.0	1	1.05	0.95				
	3340	1	11.3	2.404	0.0	0.0	3	1.0	-9.9	11.4	1	1.03	1.026				
	3341	1	0.0	0.0	0.0	0.0	2	1.014	-7.2	69.0	1	1.05	0.95				
	3342	1	0.0	0.0	0.0	0.0	1	0.976	-3.6	138.0	1	1.05	0.95				
	3343	1	12.17	0.6899	0.0	0.0	22	1.0	5.87	11.4	1	1.05	0.95				
	3345	2	0.0	0.0	0.0	0.0	21	1.027	11.4	138.0	1	1.05	0.95				
	3346	1	4.202	0.0	0.0	4.0	3	1.0	-11.0	11.4	1	1.03	1.026				
	3348	1	0.0	0.0	0.0	0.0	2	0.995	-5.9	69.0	1	1.05	0.9				
	3349	1	0.0	0.0	0.0	0.0	1	1.02	10.600000000000001	138.0	1	1.05	0.9				
	3350	1	0.0	0.0	0.0	0.0	2	1.05	-6.000000000000001	69.0	1	1.05	0.95				
	3355	1	0.8884999999999998	0.8675999999999999	0.0	0.0	3	1.0	-6.7	11.4	1	1.03	1.026				
	3370	1	8.749	-1.05	0.0	4.0	3	1.0	-8.1	11.4	1	1.03	1.026				
	3380	1	0.0	0.0	0.0	0.0	1	0.976	-3.0000000000000004	138.0	1	1.05	0.9				
	3381	1	0.0	0.0	0.0	0.0	2	1.015	-6.2	69.0	1	1.05	0.9				
	3390	1	17.37	-2.09	0.0	5.0	22	1.0	-7.2	11.4	1	1.03	1.026				
	3391	1	7.411	1.411	0.0	0.0	3	1.0	-6.8	11.4	1	1.03	1.026				
	3392	1	0.0	0.0	0.0	0.0	2	0.986	-6.3	69.0	1	1.05	0.95				
	3393	1	5.425	0.2822	0.0	0.0	3	1.0	-9.9	11.4	1	1.05	0.95				
	3394	1	0.4808	0.5227	0.0	0.0	9	1.025	11.300000000000002	138.0	1	1.05	0.9				
	3401	2	0.0	0.0	0.0	0.0	3	0.965	-2.4	25.0	1	0.98	0.95				
	3410	1	5.843	0.3554	0.0	0.0	3	1.0	-10.0	11.4	1	1.03	1.026				
	3430	1	10.29	0.3659	0.0	0.0	3	1.0	-10.0	11.4	1	1.001	0.99				
	3432	1	7.579	3.585	0.0	0.0	3	1.0	-10.0	11.4	1	1.03	1.026				
	3434	1	2.885	1.38	0.0	0.0	3	1.0	-9.7	11.4	1	0.99	0.97				
	3450	1	6.188	0.1463	0.0	0.0	3	1.0	-11.0	11.4	1	1.03	1.026				
	3470	1	2.509	1.045	0.0	0.0	3	0.963	-5.8	22.0	1	1.028	1.026				
	3480	1	7.025	3.021	0.0	0.0	3	1.0	-9.5	11.4	1	1.03	1.026				
	3500	1	2.592	0.5958	0.0	0.0	3	1.0	-10.0	11.4	1	1.03	1.026				
	3510	1	8.697	3.502	0.0	0.0	2	0.953	-8.7	69.0	1	1.05	0.95				
	3511	1	3.1460000000000004	0.0	0.0	3.6000000000000005	22	1.0	-11.0	24.0	1	1.05	0.95				
	3530	1	8.498	0.8781000000000001	0.0	0.0	3	1.0	-12.000000000000002	11.4	1	1.03	1.026				
	3560	1	0.0	0.0	0.0	0.0	2	0.891	-7.1	69.0	1	1.05	0.95				
	3570	1	4.819	0.0209	0.0	0.0	3	1.0	-11.0	11.4	1	0.98	0.97				
	3600	1	0.0	0.0	0.0	0.0	1	0.987	-2.9	138.0	1	1.05	0.95				
	3645	1	8.519	0.0418	0.0	0.0	22	1.0	-8.2	11.4	1	1.001	0.99				
	3730	1	13.61	1.516	0.0	0.0	3	1.0	-9.4	11.4	1	1.03	1.026				
	3731	2	0.0	0.0	0.0	0.0	10	1.03	-3.1	6.9	1	1.05	0.9				
	3732	1	0.0	0.0	0.0	0.0	2	0.943	-4.7	69.0	1	1.05	0.95				
	3750	1	0.0	0.0	0.0	0.0	2	0.931	-5.5	69.0	1	1.05	0.95				
	3762	1	0.0	0.0	0.0	0.0	2	0.94	7.36	69.0	1	1.05	0.95				
	3763	1	7.16	3.167	0.0	0.0	3	1.0	1.11	11.4	1	1.03	1.026				
	3770	1	9.816	0.7631	0.0	0.0	3	1.0	-10.0	11.4	1	1.03	1.026				
	3780	1	3.094	-2.09	0.0	0.0	3	1.0	6.16	11.4	1	1.03	1.026				
	3790	1	0.0	0.0	0.0	0.0	2	0.85	-7.2	69.0	1	1.05	0.95				
	3840	1	0.9825999999999999	0.3345	0.0	0.0	3	1.0	-7.9	22.0	1	1.028	1.026				
	3950	1	15.299999999999999	4.537	0.0	0.0	3	1.0	-2.4	11.4	1	1.03	1.026				
	3970	1	0.0	0.0	0.0	0.0	1	1.026	11.6	138.0	1	1.05	0.95				
