%% MATPOWER Case Format : Version 2
function mpc = ese_base_fora_ponta
mpc.version = '2';

%%-----  Power Flow Data  -----%%
%% system MVA base
mpc.baseMVA = 100.0;
%% bus data
%    bus_i    type    Pd    Qd    Gs    Bs    area    Vm    Va    baseKV    zone    Vmax    Vmin
mpc.bus = [
	1000	3	0.0	0.0	0.0	0.0	10	1.029	0.0	69.0	1	1.05	0.95				
	1010	1	0.0	0.0	0.0	0.0	12	1.028	0.0	69.0	1	1.05	0.95				
	1011	1	18.58	6.58	0.0	6.09	11	1.028	0.0	13.8	1	1.05	0.95				
	1012	1	20.31	7.449999999999999	0.0	6.09	11	1.028	0.0	13.8	1	1.05	0.95				
	1030	1	0.0	0.0	0.0	0.0	12	1.028	0.0	69.0	1	1.05	0.95				
	1040	1	0.0	0.0	0.0	0.0	12	1.028	0.0	69.0	1	1.05	0.95				
	1041	1	23.66	7.99	0.0	8.13	11	1.028	0.0	13.8	1	1.05	0.95				
	1042	1	26.619999999999997	6.64	0.0	8.13	11	1.028	0.0	13.8	1	1.05	0.95				
	1060	1	0.0	0.0	0.0	0.0	12	1.028	0.0	69.0	1	1.05	0.95				
	1061	1	5.31	1.33	0.0	1.02	11	1.028	0.0	13.8	1	1.05	0.95				
	1080	1	0.0	0.0	0.0	0.0	12	1.028	0.0	69.0	1	1.05	0.95				
	1090	1	0.0	0.0	0.0	0.0	12	1.028	0.0	69.0	1	1.05	0.95				
	1091	1	7.519999999999999	3.35	0.0	1.02	11	1.028	0.0	13.8	1	1.05	0.95				
	1100	1	0.0	0.0	0.0	0.0	12	1.028	0.0	69.0	1	1.05	0.95				
	1110	1	0.0	0.0	0.0	0.0	12	1.028	0.0	69.0	1	1.05	0.95				
	1111	1	5.02	2.43	0.0	1.02	11	1.028	0.0	13.8	1	1.05	0.95				
	1160	1	0.0	0.0	0.0	0.0	12	1.028	0.0	69.0	1	1.05	0.95				
	1170	1	0.0	0.0	0.0	0.0	12	1.028	0.0	69.0	1	1.05	0.95				
	1200	1	0.0	0.0	0.0	0.0	12	1.028	0.0	69.0	1	1.05	0.95				
	1201	1	13.25	5.45	0.0	3.05	11	1.028	0.0	13.8	1	1.05	0.95				
	1202	1	10.81	4.97	0.0	3.05	11	1.028	0.0	13.8	1	1.05	0.95				
	1210	1	0.0	0.0	0.0	0.0	12	1.028	0.0	69.0	1	1.05	0.95				
	1211	1	14.029999999999998	5.02	0.0	6.09	11	1.028	0.0	13.8	1	1.05	0.95				
	1212	1	12.13	4.38	0.0	3.05	11	1.028	0.0	13.8	1	1.05	0.95				
	1220	1	0.0	0.0	0.0	0.0	12	1.028	0.0	69.0	1	1.05	0.95				
	1239	1	0.14	0.14	0.0	0.0	12	1.028	0.0	69.0	1	1.05	0.95				
	1269	1	4.81	1.29	0.0	0.0	12	1.028	0.0	69.0	1	1.05	0.95				
	1279	1	15.289999999999997	3.7800000000000002	0.0	0.0	12	1.028	0.0	69.0	1	1.05	0.95				
	1299	4	0.0	0.0	0.0	0.0	12	1.028	0.0	69.0	1	1.05	0.95				
	1309	1	0.0	0.0	0.0	0.0	12	1.028	0.0	69.0	1	1.05	0.95				
	2000	3	0.0	0.0	0.0	0.0	20	1.029	0.0	69.0	1	1.05	0.95				
	2001	1	20.16	7.049999999999999	0.0	6.09	21	1.028	0.0	13.8	1	1.05	0.95				
	2010	1	0.0	0.0	0.0	0.0	22	1.028	0.0	69.0	1	1.05	0.95				
	2011	1	10.68	5.9	0.0	2.03	21	1.028	0.0	13.8	1	1.05	0.95				
	2020	1	0.0	0.0	0.0	0.0	22	1.028	0.0	69.0	1	1.05	0.95				
	2021	1	11.52	6.02	0.0	2.03	21	1.028	0.0	13.8	1	1.05	0.95				
	2030	1	0.0	0.0	0.0	0.0	22	1.028	0.0	69.0	1	1.05	0.95				
	2031	1	20.14	8.16	0.0	6.09	21	1.028	0.0	13.8	1	1.05	0.95				
	2040	1	0.0	0.0	0.0	0.0	22	1.028	0.0	69.0	1	1.05	0.95				
	2041	1	9.39	5.1	0.0	2.03	21	1.028	0.0	13.8	1	1.05	0.95				
	2050	1	0.0	0.0	0.0	0.0	22	1.028	0.0	69.0	1	1.05	0.95				
	2051	1	3.04	1.22	0.0	1.02	21	1.028	0.0	13.8	1	1.05	0.95				
	2069	1	4.36	2.0	0.0	0.0	22	1.028	0.0	69.0	1	1.05	0.95				
	2070	1	0.0	0.0	0.0	0.0	22	1.028	0.0	69.0	1	1.05	0.95				
	2071	1	7.46	4.0	0.0	1.02	21	1.028	0.0	13.8	1	1.05	0.95				
	2079	1	1.56	0.51	0.0	0.0	22	1.028	0.0	69.0	1	1.05	0.95				
	2080	1	0.0	0.0	0.0	0.0	22	1.028	0.0	69.0	1	1.05	0.95				
	2081	1	5.38	2.45	0.0	2.54	21	1.028	0.0	13.8	1	1.05	0.95				
	2089	1	4.35	2.3	0.0	0.0	22	1.028	0.0	69.0	1	1.05	0.95				
	2090	1	0.0	0.0	0.0	0.0	22	1.028	0.0	69.0	1	1.05	0.95				
	2091	1	7.8	3.04	0.0	3.05	21	1.028	0.0	13.8	1	1.05	0.95				
	2100	1	0.0	0.0	0.0	0.0	22	1.028	0.0	69.0	1	1.05	0.95				
	2101	1	13.750000000000002	6.47	0.0	4.06	21	1.028	0.0	13.8	1	1.05	0.95				
	2120	1	0.0	0.0	0.0	0.0	22	1.028	0.0	69.0	1	1.05	0.95				
	2121	1	5.77	2.45	0.0	2.03	21	1.028	0.0	13.8	1	1.05	0.95				
	2140	1	0.0	0.0	0.0	0.0	22	1.028	0.0	69.0	1	1.05	0.95				
	2141	1	11.49	3.9900000000000007	0.0	2.03	21	1.028	0.0	13.8	1	1.05	0.95				
	2150	1	0.0	0.0	0.0	0.0	22	1.028	0.0	69.0	1	1.05	0.95				
	2170	1	0.0	0.0	0.0	0.0	22	1.028	0.0	69.0	1	1.05	0.95				
	2171	1	5.31	3.3000000000000003	0.0	3.05	21	1.028	0.0	13.8	1	1.05	0.95				
	2180	1	0.0	0.0	0.0	0.0	22	1.028	0.0	69.0	1	1.05	0.95				
	2181	1	6.4	2.05	0.0	2.03	21	1.028	0.0	13.8	1	1.05	0.95				
	2190	1	0.0	0.0	0.0	0.0	22	1.028	0.0	69.0	1	1.05	0.95				
	2191	1	8.76	5.21	0.0	1.02	21	1.028	0.0	13.8	1	1.05	0.95				
	2200	1	0.0	0.0	0.0	0.0	22	1.028	0.0	69.0	1	1.05	0.95				
	2201	1	4.82	2.32	0.0	2.03	21	1.028	0.0	13.8	1	1.05	0.95				
	2210	1	0.0	0.0	0.0	0.0	22	1.028	0.0	69.0	1	1.05	0.95				
	2211	1	3.19	1.94	0.0	1.02	21	1.028	0.0	13.8	1	1.05	0.95				
	2220	1	0.0	0.0	0.0	0.0	22	1.028	0.0	69.0	1	1.05	0.95				
	2221	1	0.8100000000000002	0.3	0.0	0.0	21	1.028	0.0	13.8	1	1.05	0.95				
	2230	1	0.0	0.0	0.0	0.0	22	1.028	0.0	69.0	1	1.05	0.95				
	2249	4	0.0	0.0	0.0	0.0	23	1.028	0.0	69.0	1	1.05	0.95				
	2259	4	0.0	0.0	0.0	0.0	24	1.028	0.0	69.0	1	1.05	0.95				
	2269	4	0.0	0.0	0.0	0.0	25	1.028	0.0	69.0	1	1.05	0.95				
	2279	4	0.0	0.0	0.0	0.0	26	1.028	0.0	69.0	1	1.05	0.95				
	3000	3	0.0	0.0	0.0	0.0	30	1.029	0.0	69.0	1	1.05	0.95				
	3010	1	0.0	0.0	0.0	0.0	32	1.028	0.0	69.0	1	1.05	0.95				
	3011	1	13.43	6.619999999999999	0.0	6.09	31	1.028	0.0	13.8	1	1.05	0.95				
	3020	1	0.0	0.0	0.0	0.0	32	1.028	0.0	69.0	1	1.05	0.95				
	3029	1	9.53	3.3300000000000005	0.0	0.0	32	1.028	0.0	69.0	1	1.05	0.95				
	3049	1	1.45	0.2	0.0	0.0	32	1.028	0.0	69.0	1	1.05	0.95				
	3059	1	5.04	1.83	0.0	0.0	32	1.028	0.0	69.0	1	1.05	0.95				
	4000	3	0.0	0.0	0.0	0.0	40	1.029	0.0	69.0	1	1.05	0.95				
	4010	1	0.0	0.0	0.0	0.0	40	1.028	0.0	69.0	1	1.05	0.95				
	4011	1	10.59	4.07	0.0	4.06	40	1.028	0.0	13.8	1	1.05	0.95				
	4020	1	0.0	0.0	0.0	0.0	42	1.028	0.0	69.0	1	1.05	0.95				
	4021	1	5.27	2.35	0.0	2.54	41	1.028	0.0	13.8	1	1.05	0.95				
	5000	3	0.0	0.0	0.0	0.0	50	1.029	0.0	69.0	1	1.05	0.95				
	5010	1	0.0	0.0	0.0	0.0	52	1.028	0.0	69.0	1	1.05	0.95				
	5011	1	14.37	6.309999999999999	0.0	6.09	51	1.028	0.0	13.8	1	1.05	0.95				
	5012	1	14.150000000000002	6.14	0.0	6.09	51	1.028	0.0	13.8	1	1.05	0.95				
	5020	1	0.0	0.0	0.0	0.0	52	1.028	0.0	69.0	1	1.05	0.95				
	5021	1	11.84	4.61	0.0	6.09	51	1.028	0.0	13.8	1	1.05	0.95				
	5022	1	13.18	5.36	0.0	6.09	51	1.028	0.0	13.8	1	1.05	0.95				
	5023	1	0.0	0.0	0.0	0.0	52	1.028	0.0	69.0	1	1.05	0.95				
	5030	1	0.0	0.0	0.0	0.0	52	1.028	0.0	69.0	1	1.05	0.95				
	5031	1	13.320000000000002	6.849999999999999	0.0	6.09	51	1.028	0.0	13.8	1	1.05	0.95				
	5045	1	0.0	0.0	0.0	0.0	52	1.028	0.0	69.0	1	1.05	0.95				
	5049	1	1.17	0.56	0.0	0.0	52	1.028	0.0	69.0	1	1.05	0.95				
	5050	1	0.0	0.0	0.0	0.0	52	1.028	0.0	69.0	1	1.05	0.95				
	5060	1	0.0	0.0	0.0	0.0	52	1.028	0.0	69.0	1	1.05	0.95				
	5061	1	5.04	3.73	0.0	2.03	51	1.028	0.0	13.8	1	1.05	0.95				
	5070	1	0.0	0.0	0.0	0.0	52	1.028	0.0	69.0	1	1.05	0.95				
	5071	1	19.92	7.91	0.0	6.09	51	1.028	0.0	13.8	1	1.05	0.95				
	5072	1	13.65	5.07	0.0	6.09	51	1.028	0.0	13.8	1	1.05	0.95				
	5085	1	0.0	0.0	0.0	0.0	52	1.028	0.0	69.0	1	1.05	0.95				
	5089	1	3.8699999999999997	1.43	0.0	0.0	52	1.028	0.0	69.0	1	1.05	0.95				
	5099	1	7.8	3.32	0.0	0.0	52	1.028	0.0	69.0	1	1.05	0.95				
];

%% generator data
%    bus    Pg    Qg    Qmax    Qmin    Vg    mBase    status    Pmax    Pmin    Pc1    Pc2    Qc1min    Qc1max    Qc2min    Qc2max    ramp_agc    ramp_10    ramp_30    ramp_q    apf
mpc.gen = [
	3000	0.0	0.0	99999.0	-9999.0	1.029	100.0	1	99999.0	0.0															
	2000	0.0	0.0	99999.0	-9999.0	1.029	100.0	1	99999.0	0.0															
	2259	0.0	0.0	0.0	0.0	1.028	100.0	1	99999.0	0.0															
	2279	0.0	0.0	0.0	0.0	1.028	100.0	1	99999.0	0.0															
	2269	0.0	0.0	0.0	0.0	1.028	100.0	1	99999.0	0.0															
	5000	0.0	0.0	99999.0	-9999.0	1.029	100.0	1	99999.0	0.0															
	1000	0.0	0.0	99999.0	-9999.0	1.029	100.0	1	99999.0	0.0															
	2249	0.0	0.0	0.0	0.0	1.028	100.0	1	99999.0	0.0															
	4000	0.0	0.0	99999.0	-9999.0	1.029	100.0	1	99999.0	0.0															
];

%% branch data
%    f_bus    t_bus    r    x    b    rateA    rateB    rateC    ratio    angle    status    angmin    angmax
