%% MATPOWER Case Format : Version 2
function mpc = ero_base
mpc.version = '2';

%%-----  Power Flow Data  -----%%
%% system MVA base
mpc.baseMVA = 100.0;
%% bus data
%    bus_i    type    Pd    Qd    Gs    Bs    area    Vm    Va    baseKV    zone    Vmax    Vmin
mpc.bus = [
	6800	3	0.0	0.0	0.0	0.0	452	1.0	-12.000000000000002	230.0	1	1.05	0.95				
	6801	1	0.0	0.0	0.0	0.0	460	1.05	-14.999999999999998	69.0	1	1.05	0.95				
	6802	1	36.699999999999996	11.3	0.0	0.0	460	0.996	-17.0	69.0	1	1.05	0.95				
	6803	1	0.0	0.0	0.0	0.0	452	0.984	-14.999999999999998	991.0	1	1.9	0.4				
	6804	1	0.0	0.0	0.0	0.0	452	0.984	-14.999999999999998	991.0	1	1.9	0.4				
	6805	1	0.0	0.0	0.0	0.0	452	0.987	-0.7	991.0	1	1.9	0.4				
	6806	1	0.0	0.0	0.0	0.0	452	0.984	-14.999999999999998	13.8	1	1.9	0.4				
	6807	1	0.0	0.0	0.0	0.0	452	0.984	-14.999999999999998	13.8	1	1.9	0.4				
	6811	1	13.799999999999999	2.3000000000000003	0.0	0.0	460	0.978	-21.0	69.0	1	1.05	0.95				
	6812	1	-7.000000000000001	-0.1	0.0	0.0	460	1.078	-13.0	69.0	1	1.05	0.95				
	6813	1	0.0	0.0	0.0	0.0	455	1.002	-6.3	69.0	1	1.05	0.95				
	6816	1	0.0	0.0	0.0	0.0	452	0.987	-0.7	13.8	1	1.9	0.4				
	6817	1	24.0	7.000000000000001	0.0	0.0	455	1.0	-8.7	13.8	1	1.05	0.95				
	6820	3	0.0	0.0	0.0	0.0	452	1.0	-12.000000000000002	230.0	1	1.05	0.95				
	6821	1	0.0	0.0	0.0	0.0	459	1.05	-11.0	138.0	1	1.05	0.95				
	6822	1	27.399999999999995	15.599999999999998	0.0	0.0	459	1.039	-11.0	138.0	1	1.05	0.95				
	6823	1	0.0	0.0	0.0	0.0	452	0.969	-11.0	991.0	1	1.9	0.4				
	6824	1	0.0	0.0	0.0	0.0	452	0.969	-11.0	991.0	1	1.9	0.4				
	6826	1	0.0	0.0	0.0	0.0	452	0.969	-11.0	13.8	1	1.9	0.4				
	6827	1	0.0	0.0	0.0	0.0	452	0.969	-11.0	13.8	1	1.9	0.4				
	6829	1	0.0	0.0	0.0	0.0	459	1.0	-5.8	138.0	1	1.05	0.95				
	6831	2	0.0	0.0	0.0	0.0	459	1.0	0.612	992.0	1	1.05	0.95				
	6832	2	0.0	0.0	0.0	0.0	459	1.0	-5.8	992.0	1	1.05	0.95				
	6833	1	0.0	0.0	0.0	0.0	459	1.022	-5.8	991.0	1	1.9	0.4				
	6839	1	11.5	4.6	0.0	0.0	458	0.998	-18.0	138.0	1	1.05	0.95				
	6840	3	0.0	0.0	0.0	0.0	452	1.0	-12.000000000000002	230.0	1	1.05	0.95				
	6841	1	0.0	0.0	0.0	0.0	458	1.05	-14.999999999999998	138.0	1	1.05	0.95				
	6842	1	43.6	17.3	0.0	0.0	458	1.05	-14.999999999999998	69.0	1	1.05	0.95				
	6843	1	57.9	17.0	0.0	0.0	458	1.034	-16.0	69.0	1	1.05	0.95				
	6844	1	0.0	0.0	0.0	0.0	452	1.054	-14.999999999999998	991.0	1	1.9	0.4				
	6845	1	0.0	0.0	0.0	0.0	452	1.054	-14.999999999999998	991.0	1	1.9	0.4				
	6846	1	0.0	0.0	0.0	0.0	452	0.977	-14.999999999999998	991.0	1	1.9	0.4				
	6847	1	0.0	0.0	0.0	0.0	452	0.977	-14.999999999999998	991.0	1	1.9	0.4				
	6848	1	0.0	0.0	0.0	0.0	452	1.049	-16.0	991.0	1	1.9	0.4				
	6849	1	0.0	0.0	0.0	0.0	452	1.054	-14.999999999999998	13.8	1	1.9	0.4				
	6851	1	0.0	0.0	0.0	0.0	452	1.054	-14.999999999999998	13.8	1	1.9	0.4				
	6852	1	0.0	0.0	0.0	0.0	452	0.977	-14.999999999999998	13.8	1	1.9	0.4				
	6853	1	0.0	0.0	0.0	0.0	452	0.977	-14.999999999999998	13.8	1	1.9	0.4				
	6854	1	0.0	0.0	0.0	0.0	452	1.049	-16.0	13.8	1	1.9	0.4				
	6856	1	44.3	15.8	0.0	0.0	458	0.957	-21.0	138.0	1	1.05	0.95				
	6857	1	0.0	0.0	0.0	0.0	458	0.907	-23.0	138.0	1	1.05	0.95				
	6858	1	8.5	2.4	0.0	0.0	458	0.914	-36.0	69.0	1	1.05	0.95				
	6859	1	30.8	8.8	0.0	0.0	458	1.0	-31.0	13.8	1	1.05	0.95				
	6860	1	5.4	3.2	0.0	0.0	454	0.973	-1.7	13.8	1	1.05	0.95				
	6861	1	15.200000000000003	5.0	0.0	0.0	458	0.917	-35.0	34.5	1	1.05	0.95				
	6862	3	0.0	0.0	0.0	0.0	452	1.0	0.843	230.0	1	1.05	0.95				
	6863	1	0.0	0.0	0.0	0.0	454	0.986	-0.42000000000000004	69.0	1	1.05	0.95				
	6865	1	0.0	0.0	0.0	0.0	452	1.049	-13.0	991.0	1	1.9	0.4				
	6866	1	0.0	0.0	0.0	0.0	452	1.049	-13.0	13.8	1	1.9	0.4				
	6867	1	0.0	0.0	0.0	0.0	452	0.979	-14.0	991.0	1	1.9	0.4				
	6868	1	0.0	0.0	0.0	0.0	452	0.979	-14.0	13.8	1	1.9	0.4				
	6869	1	17.2	6.800000000000001	0.0	0.0	457	0.982	-13.0	138.0	1	1.05	0.95				
	6870	3	0.0	0.0	0.0	0.0	452	1.0	-11.0	230.0	1	1.05	0.95				
	6871	1	0.0	0.0	0.0	0.0	457	1.05	-13.0	69.0	1	1.05	0.95				
	6872	1	30.7	14.6	0.0	0.0	457	1.042	-13.0	69.0	1	1.05	0.95				
	6873	1	0.0	0.0	0.0	0.0	452	1.05	-13.0	991.0	1	1.9	0.4				
	6874	1	0.0	0.0	0.0	0.0	452	1.049	-13.0	991.0	1	1.9	0.4				
	6875	1	0.0	0.0	0.0	0.0	458	0.938	-31.0	13.8	1	1.05	0.95				
	6876	1	0.0	0.0	0.0	0.0	452	1.05	-13.0	13.8	1	1.9	0.4				
	6877	1	0.0	0.0	0.0	0.0	452	1.049	-13.0	13.8	1	1.9	0.4				
	6878	1	0.0	0.0	0.0	0.0	452	1.05	-9.4	991.0	1	1.9	0.4				
	6879	1	0.0	0.0	0.0	0.0	452	1.05	-9.4	13.8	1	1.9	0.4				
	6880	3	0.0	0.0	0.0	0.0	452	1.0	-7.2	230.0	1	1.05	0.95				
	6881	1	14.3	3.1000000000000005	0.0	0.0	456	1.05	-9.4	69.0	1	1.05	0.95				
	6882	1	52.6	26.1	0.0	0.0	456	1.041	-9.8	69.0	1	1.05	0.95				
	6883	1	0.0	0.0	0.0	0.0	452	1.053	-9.0	991.0	1	1.9	0.4				
	6884	1	0.0	0.0	0.0	0.0	452	1.054	-9.0	991.0	1	1.9	0.4				
	6886	1	0.0	0.0	0.0	0.0	452	1.053	-9.0	13.8	1	1.9	0.4				
	6887	1	0.0	0.0	0.0	0.0	452	1.054	-9.0	13.8	1	1.9	0.4				
	6900	3	0.0	0.0	0.0	0.0	452	1.0	1.65	230.0	1	1.05	0.95				
	6901	1	57.70000000000001	26.0	0.0	0.0	455	1.05	-3.3	69.0	1	1.05	0.95				
	6902	1	0.0	0.0	0.0	0.0	452	0.95	-3.4	991.0	1	1.9	0.4				
	6903	1	0.0	0.0	0.0	0.0	452	0.949	-3.5	991.0	1	1.9	0.4				
	6904	1	0.0	0.0	0.0	0.0	452	0.95	-3.4	991.0	1	1.9	0.4				
	6905	1	0.0	0.0	0.0	0.0	452	0.948	-3.6	991.0	1	1.9	0.4				
	6906	1	0.0	0.0	0.0	0.0	452	0.95	-3.4	13.8	1	1.9	0.4				
	6907	1	0.0	0.0	0.0	0.0	452	0.949	-3.5	13.8	1	1.9	0.4				
	6908	1	0.0	0.0	0.0	0.0	452	0.95	-3.4	13.8	1	1.9	0.4				
	6909	1	0.0	0.0	0.0	0.0	455	1.0	-3.3	13.8	1	1.05	0.95				
	6910	1	0.0	0.0	0.0	0.0	452	0.948	-3.6	13.8	1	1.9	0.4				
	6914	1	0.0	0.0	0.0	0.0	455	1.005	-6.000000000000001	69.0	1	1.05	0.95				
	6915	1	66.9	16.2	0.0	0.0	455	1.0	-14.999999999999998	13.8	1	1.05	0.95				
	6916	1	5.2	2.1	0.0	0.0	455	1.0	-7.9	34.5	1	1.05	0.95				
	6917	1	0.0	0.0	0.0	0.0	455	1.026	-4.2	69.0	1	1.05	0.95				
	6918	1	51.800000000000004	18.7	0.0	0.0	455	1.0	-11.0	13.8	1	1.05	0.95				
	6919	1	0.0	0.0	0.0	0.0	455	1.012	-4.7	69.0	1	1.05	0.95				
	6921	1	0.0	0.0	0.0	0.0	455	1.012	-4.7	69.0	1	1.05	0.95				
	6922	1	0.0	0.0	0.0	0.0	455	1.012	-4.7	69.0	1	1.05	0.95				
	6923	1	58.70000000000001	21.2	0.0	0.0	455	1.0	-12.000000000000002	13.8	1	1.05	0.95				
	6924	1	20.7	7.5	0.0	0.0	455	1.021	-3.6	69.0	1	1.05	0.95				
	6930	3	0.0	0.0	0.0	0.0	452	1.0	0.547	230.0	1	1.05	0.95				
	6931	1	0.0	0.0	0.0	0.0	453	1.05	-0.34	138.0	1	1.05	0.95				
	6932	1	0.0	0.0	0.0	0.0	452	1.002	-0.41	991.0	1	1.9	0.4				
	6933	1	0.0	0.0	0.0	0.0	452	1.002	-0.43	991.0	1	1.9	0.4				
	6935	1	0.0	0.0	0.0	0.0	453	1.001	-0.63	13.8	1	1.9	0.4				
	6936	1	0.0	0.0	0.0	0.0	452	1.002	-0.43	13.8	1	1.9	0.4				
	6937	1	1.4	0.5	0.0	0.0	453	1.05	-1.8	34.5	1	1.05	0.95				
	6939	1	0.0	0.0	0.0	0.0	453	1.023	-3.9	138.0	1	1.05	0.95				
	6941	1	13.200000000000001	0.6	0.0	0.0	453	1.0	-9.8	13.8	1	1.05	0.95				
	6942	1	7.1	0.4	0.0	0.0	453	1.0	-16.0	34.5	1	1.05	0.95				
	7046	1	0.0	0.0	0.0	0.0	455	0.998	1.29	13.8	1	1.05	0.95				
	7047	1	0.0	0.0	0.0	0.0	452	0.987	-0.7	991.0	1	1.9	0.4				
	7048	1	0.0	0.0	0.0	0.0	452	0.987	-0.7	13.8	1	1.9	0.4				
	7049	1	0.0	0.0	0.0	0.0	455	1.05	-0.65	69.0	1	1.05	0.95				
	7054	1	0.0	0.0	0.0	0.0	452	0.998	1.29	230.0	1	1.05	0.95				
	7566	4	0.0	0.0	0.0	0.0	451	1.0	0.0	991.0	1	1.9	0.4				
];

%% generator data
%    bus    Pg    Qg    Qmax    Qmin    Vg    mBase    status    Pmax    Pmin    Pc1    Pc2    Qc1min    Qc1max    Qc2min    Qc2max    ramp_agc    ramp_10    ramp_30    ramp_q    apf
